50
50
44
67
3
86
70
37
27
47
43
86
81
42
93
17
57
82
89
7
15
86
75
49
32
62
41
31
88
5
27
33
14
84
11
83
10
62
8
60
65
97
1
9
24
43
87
85
9
28
62
79
23
19
43
14
41
4
23
77
74
88
90
64
61
4
19
97
12
6
46
65
29
77
99
97
20
8
36
64
31
60
72
49
57
13
78
77
27
78
56
3
26
5
86
87
74
7
74
58
35
75
37
56
86
7
44
91
92
36
62
42
38
15
48
18
6
51
72
77
90
1
66
25
25
3
53
35
50
25
65
48
30
50
79
28
36
9
88
4
49
47
64
35
13
22
4
5
33
33
29
56
16
33
75
97
41
17
41
50
41
81
4
96
36
44
86
28
22
11
22
94
43
84
88
57
41
23
98
48
32
44
35
23
48
86
80
35
85
16
96
82
3
16
16
75
32
60
75
21
51
38
21
76
45
20
26
83
21
40
24
64
50
79
31
46
83
58
15
53
1
80
86
59
27
50
35
70
94
91
16
6
85
81
52
59
47
39
68
43
26
55
57
26
58
13
33
46
84
83
37
2
83
12
0
23
56
54
93
39
55
61
39
65
80
64
11
15
73
54
75
31
32
9
14
97
89
61
51
16
18
14
0
42
24
81
37
4
18
26
27
94
50
13
36
28
60
71
81
3
9
98
19
94
88
41
61
80
40
54
26
2
7
34
13
26
88
30
76
20
57
25
6
45
21
2
41
8
29
10
94
17
37
2
81
70
47
47
42
18
1
98
58
24
67
97
78
88
98
33
50
22
72
93
89
57
93
28
41
23
55
32
47
68
85
31
9
54
21
83
78
40
67
34
90
9
94
87
65
61
47
96
47
41
40
59
22
67
61
62
28
73
95
42
39
16
50
22
20
92
55
54
83
71
66
24
78
21
78
6
1
63
78
51
39
30
69
85
37
17
24
90
44
99
17
78
24
60
75
54
48
87
48
5
89
94
77
54
24
47
95
30
81
1
3
55
33
39
80
15
28
91
93
26
96
61
92
74
57
32
60
81
52
20
3
29
12
28
96
12
22
41
27
0
21
35
5
44
34
57
16
34
65
63
57
62
44
83
94
81
93
22
10
26
78
13
74
59
40
18
22
82
62
20
24
32
5
79
13
57
76
88
62
27
30
46
80
84
44
39
59
53
1
44
97
19
2
61
52
78
23
50
17
39
74
91
59
24
33
59
22
44
57
47
89
21
92
35
55
85
95
72
20
63
18
19
55
29
42
8
49
27
77
78
39
99
3
93
32
30
57
72
59
14
84
1
45
83
93
55
75
22
59
44
95
87
82
12
68
49
16
33
84
60
19
19
92
31
93
6
51
22
87
82
77
78
46
53
97
93
1
19
97
38
20
27
96
15
16
1
48
57
95
43
61
10
19
5
91
25
35
96
1
16
35
30
2
21
0
83
78
80
64
52
28
11
83
92
72
91
39
56
83
82
97
63
1
84
11
14
48
50
64
6
0
57
24
12
51
79
25
81
37
53
43
99
15
88
36
68
71
32
49
89
17
95
57
70
41
43
15
29
45
18
48
48
6
31
33
40
1
85
44
31
14
89
80
71
70
97
80
42
95
29
27
24
23
80
77
67
34
31
60
42
70
63
79
44
2
84
21
59
10
78
99
6
55
30
21
22
40
18
5
59
0
36
20
31
90
13
68
64
47
72
34
18
67
82
93
50
2
67
19
36
12
86
80
45
0
18
38
11
59
75
93
37
61
14
18
51
75
84
67
71
46
59
80
49
85
64
15
8
41
2
42
85
15
56
98
69
39
58
5
1
25
67
18
75
51
63
80
55
34
51
86
1
18
53
49
87
44
6
99
36
2
36
82
32
18
83
81
71
1
47
80
78
87
17
68
25
62
94
96
44
96
43
40
14
71
66
44
75
30
43
32
50
0
32
1
25
76
12
86
62
52
64
54
88
13
97
71
61
72
88
29
26
55
18
87
62
18
38
24
0
81
84
77
15
46
7
24
97
32
98
91
57
45
89
60
46
11
81
87
97
60
10
95
65
89
97
86
84
69
24
18
51
42
31
55
73
20
76
25
72
73
12
30
91
88
29
40
78
81
16
87
11
55
48
92
16
98
71
11
85
49
86
23
75
44
40
2
67
95
26
20
85
75
41
89
57
26
1
15
98
86
58
2
42
48
24
31
21
76
62
16
78
26
58
64
23
71
90
95
81
45
58
66
23
82
15
29
76
81
42
42
54
37
22
60
3
44
