14204
35826
33136
44290
56603
21013
2183
82367
2874
55216
57084
45175
47322
91740
49445
67818
22027
24401
82533
15744
73710
83443
24219
25514
94158
63260
94827
95024
46441
38491
10451
94010
19657
82368
66126
30269
85478
59338
54750
81298
75632
51739
81793
16712
37327
59974
72736
23624
78269
9326
38723
2058
59718
19072
79018
8896
54809
60573
55183
95507
15492
53886
628
75866
12539
28716
42538
75772
59833
92706
48411
84981
98
68184
99986
23366
97365
16343
34944
34053
10097
42748
32527
26836
1891
17947
81600
2298
66377
10688
53499
60677
19829
31102
83336
29893
3175
97321
1985
54756
21954
