200704
357032
531228
680878
61744
890969
35477
764954
886227
793202
845345
390835
655554
913994
649993
975099
745313
746335
617951
523309
203953
969890
570496
253256
582085
743338
890893
611759
56411
42248
435155
272636
831716
957423
444404
516998
378660
331566
133149
266989
577199
625465
537016
924234
224351
219744
569742
866352
524316
142444
272536
583565
463617
938537
594396
798274
323516
340815
591819
688453
439113
159945
549513
595677
524063
507909
583742
682865
670033
130819
917814
152841
475091
89386
784623
745776
879172
723508
899579
925109
95809
124159
206295
770699
479099
986229
672072
13809
529349
743147
843769
963560
87177
233503
653881
16615
733312
414772
710179
348194
732155
