1663395
2046534
955740
4306956
1421674
6339667
1520715
8106011
3259199
8490679
896972
7722812
465266
8275651
7257861
819949
741357
5468223
1230736
4365364
1265762
6752166
5734120
3283623
7938515
7961685
9986861
2812263
4323767
2973052
6438782
3693283
9323372
3159033
9198909
6058724
8154468
5168664
9416962
8123361
8206283
3646107
666700
7092340
1631774
127715
5239876
2416360
1685488
8592251
6849067
4554641
6239941
9647885
7832268
9789399
6511854
9338057
2596609
8019877
19260
9569765
948129
7941367
4234370
4204525
3148319
4998600
2427242
1109905
9144147
2719947
5172101
1420943
5812412
2799367
6216867
7860120
6772749
9955404
1720663
2350048
9938443
2445193
8565847
5818128
3626870
9468351
7409019
3136626
130670
4275744
5399949
5661650
3364786
9010642
65327
532278
6248947
408259
8164238
